379072903 	 0.522193
379072913 	 0.568663
379073364 	 0.847868
379073410 	 0.449012
379073609 	 0.348797
379074809 	 0.882294
379075128 	 0.473422
379075418 	 0.781873
379075495 	 1.19552
379075855 	 1.02899
379075932 	 0.539456
379075951 	 0.770346
379076013 	 0.526547
379076033 	 0.694382
379076130 	 0.557771
379076401 	 0.750048
379076777 	 1.04188
379076849 	 0.39494
379076965 	 0.351158
379077122 	 0.694414
379077230 	 0.393514
379077908 	 0.546868
379078524 	 0.856799
379078531 	 0.987622
379078649 	 0.409846
379079014 	 0.458468
379079021 	 0.809432
379079315 	 0.731396
379079375 	 0.266486
379079408 	 0.541812
379079438 	 0.944334
379079527 	 0.546718
379079565 	 0.86977
379079940 	 0.864967
379080682 	 0.747219
379081045 	 0.648867
379081157 	 0.820193
379081477 	 0.808835
379081798 	 0.954838
379081804 	 0.438701
379081982 	 0.866769
379082085 	 0.671679
379082312 	 0.49554
379082496 	 0.957561
379082755 	 0.985454
379082904 	 0.822637
379083012 	 0.839208
379083034 	 0.674529
379083180 	 0.830847
379083260 	 1.06467
379083315 	 0.826218
379083449 	 0.588575
379083594 	 1.37602
379083689 	 0.754403
379084142 	 0.55289
379084291 	 0.563529
379084777 	 0.626935
379085372 	 1.05421
379085407 	 0.401865
379085653 	 0.754287
379085957 	 0.845206
379086313 	 0.817179
379086700 	 0.629905
379087185 	 0.797297
379087270 	 0.677315
379087344 	 0.573614
379088034 	 0.610354
379088504 	 0.830633
379088688 	 0.694388
379088705 	 0.876975
379089031 	 0.578181
379089272 	 0.903363
379089278 	 0.81168
379089831 	 0.566825
379090040 	 0.380733
379090252 	 0.516653
379090795 	 0.687607
379090797 	 0.910103
379091021 	 0.846455
379091765 	 0.710278
379092078 	 0.75572
379092191 	 0.642712
379092236 	 0.805566
379092249 	 0.766733
379092323 	 0.76507
379092418 	 0.905672
379092738 	 0.334018
379092744 	 0.771598
379093022 	 0.61993
379094196 	 0.831835
379094273 	 0.700791
379094611 	 0.660383
379094770 	 0.610394
379094883 	 0.545333
379095581 	 0.305121
379095630 	 0.615981
379095722 	 0.717849
379095924 	 0.814661
379095929 	 0.653474
379096067 	 1.17775
379097072 	 0.569732
379097075 	 0.850763
379097097 	 0.487485
379097208 	 0.339644
379097271 	 0.388514
379097418 	 0.591457
379097478 	 0.134512
379097679 	 1.00407
379098057 	 0.817395
379098092 	 0.658497
379098349 	 1.22729
379098410 	 0.647807
379098795 	 0.536619
379099297 	 0.845127
379099400 	 0.573988
379099851 	 0.629866
379099996 	 1.09691
379100005 	 0.978101
379100345 	 0.822969
379100711 	 0.765974
379100753 	 0.80382
379100922 	 0.900906
379101184 	 0.867513
379101461 	 0.886489
379101963 	 0.680984
379102063 	 0.875997
379102107 	 0.673523
379102195 	 0.347693
379102469 	 0.812456
379103013 	 0.710553
379103018 	 0.451905
379103088 	 0.753095
379103380 	 0.916307
379103459 	 1.34067
379103572 	 0.595759
379103613 	 0.694328
379103794 	 0.889527
379104005 	 0.393911
379104008 	 0.908595
379104201 	 0.825362
379104278 	 0.713556
379104972 	 0.897826
379104989 	 0.75
379105011 	 0.454569
379105045 	 0.838937
379105135 	 0.703514
379105996 	 0.680046
379106691 	 0.739627
379106702 	 0.606905
379106755 	 1.00489
379108176 	 0.528355
379108347 	 0.45567
379108767 	 1.10455
379109073 	 0.616912
379109176 	 1.10069
379110012 	 0.850482
379110042 	 1.51355
379110181 	 0.92115
379110635 	 0.495428
379110855 	 0.393606
379111255 	 0.615281
379111758 	 0.575587
379111834 	 0.0625928
379112173 	 0.946077
379112464 	 0.787704
379112568 	 0.900693
379112706 	 0.428412
379112796 	 0.781746
379112812 	 1.00163
379113028 	 0.82597
379113121 	 0.748793
379113196 	 0.423857
379113613 	 0.813119
379113681 	 0.847542
379113841 	 0.810384
379113851 	 0.845509
379113873 	 0.464312
379114259 	 0.877923
379114693 	 0.813741
379114869 	 0.840642
379115338 	 0.944427
379115606 	 0.78426
379115805 	 0.86486
379115864 	 0.620703
379115901 	 0.842288
379116169 	 0.949171
379116635 	 0.791004
379116872 	 0.909996
379116910 	 0.843997
379117087 	 0.496767
379117634 	 1.38274
379117742 	 1.15668
379118441 	 0.453299
379118472 	 0.63243
379118610 	 0.359348
379118954 	 0.832243
379118999 	 0.687449
379119019 	 0.991063
379120020 	 0.782024
379120424 	 0.938628
379120890 	 0.355217
379120937 	 0.500068
379121265 	 0.876896
379121334 	 0.469597
379121752 	 0.386696
379121780 	 0.932571
379121838 	 0.739775
379122253 	 0.658398
379122402 	 0.973696
379122553 	 0.788853
379122590 	 0.704509
379122786 	 1.10512
379122974 	 1.0146
379124490 	 0.849223
379124613 	 0.7252
379125571 	 1.07968
379125699 	 0.910527
